# STAGE 1

Data_File="zetaAur-eclipse_B_2019_11_15_23_52_17.dat"
Data_Total_Number=32527
Spline_Out_File="HIEW_Spline.txt"
LMin=3931.685777
LMax=3935.654548

# STAGE 2

#The fit by splines was successful!
ND=100

# STAGE 3

L_IMin_1=3932.916096
L_IMin_2=3935.297359
IMin_1=0.001093
IMin_2=0.001431
L_IMax_1=3933.352661
L_IMax_2=3934.463917
IMax_1=0.005293
IMax_2=0.005947

# STAGE 4

IMid_1=0.003193
IMid_2=0.003689
FWHM_LL=1553430139825025000000000000000000000000000000000000000000000000000000000000000000000000000000000000000000000000000000000000000000000000000000000000000000000000000000000000000000000000000000000000000000000000000000000000000000000000.000000
FWHM_UL=3934.622668

ELFWHM_LL=14757586328337740000000000000000000000000000000000000000000000000000000000000000000000000000000000000000000000000000000000000000000000000000000000000000000000000000000000000000000000000000000000000000000000000000000000000000000.000000
EUFWHM_LL=14757586328337740000000000000000000000000000000000000000000000000000000000000000000000000000000000000000000000000000000000000000000000000000000000000000000000000000000000000000000000000000000000000000000000000000000000000000000.000000
ELFWHM_UL=0.040371
EUFWHM_UL=0.040371

FWHM=-1553430139825025000000000000000000000000000000000000000000000000000000000000000000000000000000000000000000000000000000000000000000000000000000000000000000000000000000000000000000000000000000000000000000000000000000000000000000000000.000000
E_FWHM=1.#INF00
